10
100 20
69 56 38 23 70 5 61 51 17 68 10 38 71 85 25 82 32 14 89 98 85 81 63 15 90 60 71 58 73 76 80 42 83 17 16 4 22 76 7 90 95 16 79 17 100 4 98 83 69 38 80 53 19 94 19 8 53 89 65 26 16 44 19 51 13 34 54 86 61 12 75 55 80 53 71 31 8 68 66 76 6 45 80 24 91 50 83 95 39 47 72 6 42 90 56 54 75 62 39 35
25 4986
89 5047
70 5040
35 4974
79 4951
5 5015
96 4967
59 5013
86 5010
85 4975
39 4995
81 4971
98 4962
86 5027
50 4975
59 5025
41 4952
30 5041
10 5035
86 5011
16 10
42 75 62 78 85 52 63 77 36 38 15 43 18 46 92 58
7 133
3 126
6 128
11 129
10 125
5 124
1 125
7 122
6 125
8 127
10 20
78 62 98 15 28 41 84 74 32 42
4 47
10 54
4 52
8 46
7 49
6 49
2 52
5 48
5 51
3 53
7 46
6 51
4 52
7 47
9 46
10 54
9 54
4 52
5 53
5 52
959 20
31 92 71 46 67 20 62 1 32 64 97 73 32 43 28 75 29 66 95 51 98 66 19 29 51 14 43 96 9 6 7 91 50 29 36 16 100 97 68 83 61 16 55 44 59 82 18 39 99 64 89 96 81 59 24 32 73 19 79 33 76 37 23 25 65 58 92 64 54 59 46 66 75 52 61 85 85 78 75 83 41 16 31 74 74 6 5 98 24 35 30 100 71 4 76 87 61 68 2 67 78 99 84 4 50 45 88 86 74 15 68 67 30 98 40 55 56 96 53 79 82 34 30 4 38 6 42 50 25 43 68 2 93 4 6 42 48 45 79 73 59 46 91 88 96 82 95 51 77 47 81 10 32 11 13 21 68 54 23 92 48 42 45 40 45 50 81 44 95 59 17 53 57 59 93 4 41 87 6 17 85 86 27 68 48 91 41 67 45 63 10 92 4 55 32 1 4 64 44 50 75 12 55 83 71 99 38 11 85 43 79 21 80 57 40 28 48 80 46 44 94 56 87 50 10 70 50 65 86 93 15 12 5 69 94 27 67 83 37 3 25 15 75 4 72 14 83 71 46 29 14 39 36 100 88 45 22 89 9 7 34 75 18 90 43 63 16 61 45 52 15 21 18 89 76 41 3 11 11 100 39 24 38 26 76 78 70 49 18 30 55 51 5 24 40 99 38 7 12 34 10 26 54 28 67 81 68 21 91 31 20 81 6 57 6 81 86 27 81 4 57 35 54 13 10 46 11 99 52 22 32 62 100 37 41 66 18 60 86 8 90 5 89 96 13 46 28 99 73 9 2 29 95 55 41 5 52 3 55 4 77 87 17 76 23 9 41 92 68 78 100 10 34 40 57 46 85 84 44 57 44 45 85 39 52 77 95 55 80 49 10 56 87 26 83 10 86 75 1 6 52 52 15 85 91 23 30 76 6 26 84 2 22 21 40 25 97 86 80 28 86 89 83 73 67 17 34 52 91 86 9 94 38 23 78 80 97 60 7 3 37 91 56 58 11 47 35 7 32 14 35 17 54 69 41 20 86 74 24 28 60 32 22 49 7 51 28 3 62 35 57 98 25 12 8 87 58 42 45 41 7 79 10 60 100 50 80 37 76 55 16 35 86 37 35 92 88 62 47 1 96 3 99 72 67 58 58 76 99 3 17 5 33 26 64 84 75 95 72 50 49 88 36 87 24 70 30 63 84 76 64 31 31 14 3 97 71 12 24 21 66 40 25 51 65 40 86 92 35 58 93 35 45 29 21 20 50 51 35 33 78 50 64 8 63 18 56 85 81 80 5 47 19 81 49 36 72 34 27 58 43 19 93 87 99 65 59 1 15 93 33 45 42 48 52 56 65 60 92 46 91 96 44 9 28 92 96 99 77 74 9 20 45 1 58 43 17 16 95 84 60 28 28 53 27 31 60 92 90 51 89 80 98 32 41 25 75 36 76 51 10 84 22 6 36 80 100 52 47 95 35 7 74 14 59 100 45 19 43 34 21 31 66 19 14 6 95 88 93 70 91 54 5 12 59 92 91 59 44 38 53 30 96 26 44 54 77 88 24 20 73 97 50 38 15 64 95 9 3 88 31 93 93 35 5 4 27 95 62 22 84 66 3 79 43 46 85 19 85 60 90 58 56 92 47 70 7 42 31 9 81 61 54 25 47 58 28 25 4 41 46 88 6 49 18 100 46 2 71 83 14 60 40 69 51 38 91 57 31 21 18 11 81 71 88 27 80 15 52 83 56 49 22 13 49 40 13 47 93 83 29 6 94 68 27 45 57 17 53 88 37 22 50 69 92 37 47 71 52 98 6 59 99 27 71 47 18 35 93 63 17 21 20 63 40 46 59 97 14 11 84 2 85 85 70 76 22 69 99 25 66 4 83 16 30 5 63 100 40 7 62 8 80 81 70 19 79 28 67 92 91 2 46 75 87 67 2 8 35 100 84 53 3 66 68 85 22 82 84 61 89 97 69 68 29 90 38 7 18 57 51 60 58 96 34 44 62 35 3 49 35 38 1 89 3 68 25 25 50 8 37 90 56 57 57 85 47 46 43 16 2 93 75 12 40 60 7 54 94 10 2 80 47 2 21 2 69 45 78 70 5 66 59 60 23 67 96 21 13 39 36 66 83 10 77 23 21 84 76 14 45 77 46 43 30 18 96 98 62
817 459707
560 459660
363 459566
328 459881
551 459777
776 459480
102 459609
326 459995
223 460317
450 459771
729 459625
767 460180
93 459593
912 459627
120 459887
848 460087
345 459616
894 459613
757 459802
188 459972
135 20
2 75 5 75 72 85 29 43 85 66 89 51 99 63 13 27 14 93 50 67 34 97 86 92 35 83 80 88 76 44 74 77 18 78 4 42 15 84 36 51 50 25 53 100 87 18 78 53 10 27 19 95 24 4 38 10 39 17 97 66 12 22 43 82 52 98 23 66 81 58 68 82 34 73 34 21 90 11 73 51 38 91 45 13 46 82 74 36 51 70 2 62 44 96 43 95 93 17 12 73 27 79 55 60 51 88 80 92 50 52 42 87 94 86 51 92 20 24 27 70 46 80 83 89 75 26 83 67 42 94 92 68 24 46 80
27 9171
119 9083
24 9148
127 9148
73 9124
25 9057
118 9067
3 9089
89 9054
105 9142
17 9094
128 9166
20 9153
86 9068
96 9083
89 9097
107 9109
47 9088
66 9046
87 9177
992 20
6 19 61 56 96 97 51 5 68 34 36 64 51 85 6 13 26 15 51 63 3 14 37 49 47 96 10 91 79 30 84 84 48 44 40 96 92 90 100 12 76 87 27 26 71 32 91 48 46 41 63 48 54 51 49 1 98 58 43 76 39 26 11 86 21 2 81 13 44 80 24 19 66 2 96 89 34 86 88 79 78 2 79 32 52 27 84 49 36 26 76 74 4 87 59 24 88 92 88 31 23 63 1 41 65 97 81 50 34 68 80 12 70 58 95 73 84 30 74 19 7 49 44 10 87 55 86 75 46 73 57 20 88 58 60 4 54 40 53 87 8 32 50 29 90 44 53 25 73 26 96 80 27 39 41 65 93 78 39 90 51 48 10 90 5 69 93 10 9 45 48 68 76 98 48 17 93 52 42 18 30 37 49 56 75 89 20 20 67 11 9 69 58 70 10 14 39 2 75 99 46 22 18 73 71 17 90 64 68 31 33 97 19 81 4 45 21 76 64 39 38 25 59 47 94 68 60 84 21 34 34 66 7 3 91 78 19 80 93 39 62 25 35 80 57 91 24 77 66 40 68 3 64 26 49 9 46 60 45 66 45 78 84 51 81 74 28 51 5 20 89 18 96 76 49 52 66 24 81 83 63 48 37 78 25 37 87 70 96 83 88 92 60 23 42 92 96 70 95 52 41 35 21 37 10 69 40 27 92 20 9 55 19 97 32 44 33 70 65 80 4 4 71 16 26 13 7 73 34 53 24 74 88 44 62 97 64 2 24 56 21 84 62 92 81 45 35 65 15 51 97 70 55 67 85 80 31 44 53 64 96 28 90 83 24 51 32 87 4 7 42 77 90 3 68 22 48 2 39 14 4 35 83 58 53 68 38 84 63 42 99 58 69 40 41 92 91 24 31 94 30 72 22 71 27 89 45 26 90 83 39 94 17 73 3 69 92 92 4 54 33 55 12 54 94 4 97 84 79 27 30 8 51 51 30 77 40 74 2 81 56 92 26 24 64 81 45 8 72 48 61 5 54 24 10 48 79 6 83 9 85 12 16 35 15 98 11 6 71 64 38 79 55 16 2 70 96 98 77 67 98 90 23 51 65 32 98 96 90 81 4 74 44 72 60 10 69 22 67 91 85 5 69 91 20 23 60 67 20 89 33 17 30 8 68 94 91 65 41 80 97 97 5 41 68 64 2 88 85 69 78 21 73 47 11 44 69 23 62 88 63 94 57 92 53 24 37 44 40 30 23 37 26 80 29 93 95 30 80 32 50 57 52 22 55 15 17 75 89 78 15 51 24 71 42 76 94 30 19 33 59 94 21 84 25 49 76 19 31 7 50 80 16 54 54 22 20 70 97 8 100 11 58 75 81 51 50 74 80 21 58 91 66 79 74 42 79 2 60 9 60 62 89 75 67 42 97 86 63 93 93 14 55 2 88 35 52 90 60 83 10 17 73 27 47 47 68 26 48 79 34 59 92 74 34 58 67 82 95 82 26 39 95 80 40 83 66 91 72 25 74 33 93 46 11 40 44 30 17 43 8 2 2 100 76 35 9 42 68 56 23 93 94 70 72 34 4 37 24 75 13 49 59 5 47 21 96 90 50 12 33 57 14 34 8 41 20 69 82 87 24 57 79 17 78 2 50 81 90 26 7 2 26 65 58 72 37 54 62 86 65 46 94 30 79 54 70 98 22 4 84 97 12 62 13 89 15 15 69 4 92 75 5 17 91 62 41 27 67 54 64 32 99 57 13 77 10 83 74 83 38 9 79 49 22 92 37 36 58 57 39 1 31 95 69 73 56 9 99 23 62 62 6 12 70 70 88 80 52 13 62 41 21 41 89 94 84 25 29 93 33 19 93 63 13 61 35 21 22 85 95 35 98 52 47 68 21 86 47 25 99 60 65 71 100 6 65 35 82 45 27 15 16 71 77 80 84 64 52 5 48 46 91 98 49 37 65 22 23 11 98 73 22 14 43 22 19 59 8 1 56 35 15 71 5 43 50 40 6 2 44 6 99 35 3 100 23 19 21 97 81 18 69 2 83 64 23 2 22 83 2 29 17 16 99 73 10 1 13 16 2 8 73 52 94 27 51 17 45 23 13 25 92 82 78 75 45 53 76 18 35 29 47 51 96 97 75 5 97 39 72 50 47 44 54 40 22 4 8 18 79 21 94 70 54 72 96 50 24 23 19 58 51 17 60 46 14 86 3 10 25 74 12 23 70 65 62 91 20 22 9 50
238 491979
980 492342
61 492522
464 491749
742 491699
281 491849
295 492037
470 491693
970 492301
733 491675
113 492085
244 492495
888 491968
709 492477
258 491964
609 492098
58 491997
617 492474
475 492505
834 492305
941 20
15 79 28 30 16 27 83 7 87 8 24 59 7 57 98 20 33 5 53 69 14 80 7 93 4 69 39 28 78 26 21 44 5 48 26 72 26 8 31 12 68 54 22 74 62 20 45 95 76 98 63 89 77 21 34 32 89 72 59 19 50 31 62 54 30 87 77 55 47 7 67 14 60 88 39 22 59 84 68 35 81 82 75 9 3 8 40 43 32 51 61 33 81 23 86 11 61 62 65 59 21 83 72 80 23 63 53 81 46 72 67 78 54 94 38 8 53 77 2 36 27 63 68 60 37 53 22 49 67 38 8 87 21 79 18 95 93 23 75 90 94 94 67 99 87 4 58 39 33 60 75 11 74 94 22 10 99 43 58 65 81 17 3 53 48 72 47 40 94 21 30 40 66 48 38 52 4 48 43 36 7 69 98 80 62 20 41 60 62 50 76 94 67 30 46 66 2 92 5 95 65 86 34 30 34 24 34 37 23 28 24 81 48 21 12 9 40 52 21 54 53 48 47 71 78 93 36 79 84 93 25 100 78 11 30 11 34 15 47 8 42 70 88 89 43 99 49 82 2 21 35 54 69 34 25 46 26 12 24 61 4 48 61 82 58 90 44 43 56 91 50 97 12 89 37 54 87 85 88 88 58 74 42 26 7 18 71 32 81 46 45 85 45 5 18 55 46 61 49 1 3 51 49 67 39 85 72 78 21 59 65 30 85 58 55 91 27 77 75 8 74 19 92 19 75 61 25 72 21 25 72 76 75 72 42 66 8 13 43 80 24 7 10 8 17 64 98 43 41 24 50 66 94 93 84 68 53 60 39 74 85 62 49 11 33 42 76 40 54 18 72 77 77 81 84 93 44 34 35 36 9 85 2 3 77 37 70 30 49 61 55 85 74 55 95 59 96 71 50 1 40 21 30 16 1 65 8 97 98 43 32 7 79 85 61 55 74 82 36 22 42 42 58 68 48 52 26 95 22 75 96 14 96 25 29 96 89 37 44 39 31 76 97 9 12 57 63 37 38 51 10 32 44 67 99 92 19 24 86 92 98 81 5 45 57 34 93 98 22 36 36 52 63 32 60 75 88 74 63 77 24 73 8 20 39 6 11 57 29 96 1 79 29 5 75 37 90 67 34 11 3 69 62 65 52 73 91 91 47 54 68 22 78 75 41 16 81 51 25 61 99 77 91 79 81 66 15 23 84 1 33 86 21 47 3 73 19 45 15 65 50 82 87 27 57 79 43 89 30 19 1 80 95 44 58 27 9 24 49 92 76 34 30 97 80 84 21 50 28 35 67 78 69 5 4 25 83 98 65 12 68 17 43 14 60 100 41 20 76 41 12 51 74 93 47 5 76 19 55 55 54 21 84 22 25 88 98 59 37 14 71 57 30 13 70 90 65 10 9 40 51 72 42 76 16 89 81 43 7 87 98 12 7 81 85 83 20 34 41 9 47 63 65 29 28 34 70 44 96 30 35 46 54 76 73 69 16 53 64 23 39 61 86 97 93 23 31 65 56 24 73 55 38 89 35 17 22 4 60 69 85 94 66 38 22 39 59 37 91 22 11 82 34 97 30 26 71 61 42 26 36 14 32 73 2 66 42 76 69 1 96 54 47 62 43 68 100 1 56 42 22 67 75 7 15 5 33 85 17 74 62 52 40 94 76 93 59 17 20 80 70 16 85 68 77 27 35 28 80 42 21 1 8 96 8 74 100 92 58 68 17 20 71 8 65 98 53 23 15 72 54 36 39 38 3 67 65 89 94 44 30 15 96 38 62 55 11 61 98 21 80 67 92 50 26 56 47 78 30 13 50 84 100 40 21 2 7 37 42 100 32 72 66 80 61 27 86 23 39 36 43 18 2 86 19 27 41 18 5 71 30 6 6 82 45 26 83 51 15 25 3 98 48 68 77 8 47 63 30 85 98 25 55 51 62 73 29 3 90 85 25 72 90 82 53 87 59 87 89 73 11 43 71 58 11 99 17 9 13 99 93 62 75 47 12 36 20 41 90 61 25 66 32 67 47 84 5 58 23 93 30 33 88 52 43 98 3 11 58 15 9 50 77 35 49 40 23 20 32 12 80 9 30 12 27 28 47 31 85 21 75 67 54 62 70 48 11 72 10 68 39
206 442271
517 442626
792 442488
630 442329
265 442774
840 442407
794 442655
189 442510
139 443157
454 442351
117 442812
273 443023
492 442738
912 442658
606 442852
108 442660
359 442588
196 443003
406 442645
832 442542
958 20
61 90 78 92 13 28 21 18 11 70 50 12 25 91 83 26 94 25 89 65 5 22 57 51 12 14 54 80 59 47 38 72 36 67 15 1 94 35 70 57 56 19 68 80 9 50 6 55 74 46 71 30 20 28 80 83 93 34 62 4 80 51 75 67 17 41 67 62 27 89 18 82 7 86 62 68 87 19 74 13 64 44 42 35 71 22 17 64 7 30 19 38 80 93 4 96 85 23 58 11 63 75 92 69 12 5 88 51 23 61 63 39 5 4 73 27 77 42 42 83 71 60 72 51 4 28 46 88 50 55 50 64 82 94 32 45 98 72 95 21 32 9 11 88 13 83 15 41 76 56 76 47 16 47 97 71 74 94 59 75 1 60 38 82 53 22 78 51 93 73 23 24 33 33 64 97 67 78 38 43 33 13 41 100 11 37 23 37 82 33 63 82 92 53 15 45 74 93 47 18 17 69 93 49 53 56 98 71 33 35 65 18 99 5 69 9 93 43 97 27 75 60 8 67 12 75 63 37 19 9 6 87 77 98 87 81 6 84 51 90 18 16 59 68 72 28 29 65 70 25 91 97 36 50 63 99 76 25 35 94 33 92 80 61 90 67 41 47 2 43 36 72 10 95 39 82 74 67 46 95 92 88 91 27 89 5 26 65 29 12 58 13 4 90 73 45 8 65 91 9 60 78 80 69 24 19 50 97 37 47 44 80 86 34 7 75 91 84 39 19 47 48 84 2 89 8 46 96 25 88 57 84 18 88 52 41 58 54 90 95 52 33 74 38 18 32 12 8 67 2 79 14 1 62 15 90 69 13 37 93 52 45 76 69 33 80 10 90 33 99 36 84 83 10 73 100 93 36 60 60 37 38 73 90 51 39 31 19 51 67 64 3 64 91 23 96 70 84 37 54 34 73 90 16 34 62 68 26 98 27 85 86 16 9 27 66 48 57 36 50 76 99 4 39 90 27 86 11 10 22 17 44 94 6 11 79 19 78 5 68 56 89 6 23 98 84 88 97 41 76 46 68 74 50 58 15 28 43 78 37 16 94 32 62 51 43 40 69 72 44 89 80 85 94 2 34 77 90 30 69 17 75 88 90 76 45 57 3 39 34 92 7 27 23 68 77 17 59 97 89 55 85 68 39 30 69 72 7 10 53 27 26 79 15 68 55 11 24 9 2 57 100 8 35 23 27 11 39 85 7 79 39 44 46 29 73 67 52 31 76 4 58 54 83 24 21 37 86 96 45 87 52 97 46 38 19 72 48 9 9 6 88 47 49 33 28 74 51 79 4 27 83 13 32 65 88 52 53 74 47 49 12 50 45 58 87 15 81 86 24 89 43 11 88 44 95 15 17 46 93 72 24 27 85 55 43 24 58 95 97 56 96 61 5 40 18 43 55 98 80 78 87 22 40 26 65 86 40 33 83 84 5 58 11 41 12 53 64 21 100 13 76 95 73 80 34 42 74 40 91 53 69 29 75 8 54 91 46 93 24 80 29 80 38 39 20 49 43 83 70 94 47 45 88 71 77 74 12 2 13 3 55 82 83 81 41 37 71 38 81 46 18 9 25 55 99 44 55 94 79 76 87 25 73 27 96 49 100 59 50 64 13 56 97 96 36 90 32 59 27 64 4 96 25 29 50 23 24 57 68 2 32 55 79 4 33 26 4 32 84 6 47 97 61 44 92 49 33 75 7 11 90 10 7 14 90 8 89 14 64 56 67 48 62 45 3 94 70 7 77 54 64 24 2 76 19 45 24 51 71 82 13 60 44 19 74 33 79 62 98 94 69 65 93 31 9 96 76 31 54 53 36 17 28 37 92 46 81 68 48 3 49 60 62 92 31 35 77 9 48 74 54 17 38 47 99 99 94 74 29 47 78 64 63 57 52 6 2 84 73 49 86 74 61 47 65 91 34 41 51 33 67 4 49 4 2 99 54 95 25 34 41 54 49 55 11 100 13 12 35 85 13 20 10 73 19 75 63 4 67 65 36 33 20 37 89 22 35 42 68 11 76 61 65 24 67 75 76 79 38 10 16 2 82 25 74 52 99 88 55 18 52 90 2 24 78 90 45 65 84 64 75 11 24 91 86 43 65 61 21 55 23 36 56 56 61 82 7 11 69 61 28 73 2 30 96 32 71 92 96 54 7 70 16 31 61 2 73
31 459060
591 458873
870 458767
613 459075
765 458584
801 458433
852 458639
519 458966
579 458604
799 458956
204 459098
957 459166
751 459046
23 458659
150 459050
467 459181
422 459263
669 459029
501 459039
620 459055
993 20
44 38 86 5 72 1 19 35 64 12 68 69 52 7 29 13 14 23 35 69 89 33 90 52 65 95 94 88 42 29 81 37 18 18 93 89 71 11 23 34 22 42 54 25 1 83 38 14 57 24 34 46 56 24 49 72 70 42 59 63 22 92 51 91 61 44 31 31 54 53 16 28 47 70 4 99 4 41 12 60 64 97 57 71 72 5 95 93 99 5 55 20 96 58 11 57 1 41 39 6 46 55 33 44 76 37 42 79 29 5 90 45 1 47 67 73 3 61 17 1 18 24 21 13 81 83 21 33 75 12 38 20 66 23 63 93 11 56 71 91 60 60 35 61 58 54 85 61 66 53 13 83 76 85 48 56 67 20 88 42 31 78 13 48 100 28 40 10 83 62 100 43 74 87 55 31 92 91 43 57 43 56 40 19 92 87 26 59 6 14 100 89 43 64 36 42 91 76 3 74 37 54 68 10 40 22 93 83 64 87 40 6 94 31 76 86 17 2 44 74 67 95 62 9 58 50 50 1 25 4 74 13 57 93 75 49 66 67 31 29 5 70 34 99 100 10 84 68 63 79 94 29 25 7 37 34 56 38 34 80 41 59 45 97 51 19 45 16 37 28 44 41 49 30 91 1 91 26 68 53 4 13 33 80 20 69 14 75 6 47 7 46 6 51 94 8 21 39 24 9 18 19 1 66 100 92 66 42 17 86 46 73 50 78 52 69 46 65 44 51 64 2 48 69 52 42 28 72 32 51 32 49 22 32 66 73 23 84 15 92 21 60 64 70 38 67 39 35 84 34 38 47 35 85 67 38 78 94 61 61 97 92 61 70 23 27 42 46 10 56 89 30 68 52 51 5 70 89 39 53 74 76 51 8 13 17 97 90 11 57 51 59 48 11 28 71 89 69 68 50 77 56 31 44 59 82 48 28 22 38 33 96 66 83 55 78 52 52 19 14 60 21 72 8 84 99 30 72 19 97 22 95 4 4 38 62 85 37 41 59 75 25 6 40 60 12 69 11 63 87 24 75 60 95 34 43 45 63 66 63 11 39 58 14 43 95 27 79 84 19 37 58 44 42 49 55 54 17 65 68 55 40 94 14 34 27 8 30 89 74 92 99 12 49 64 54 96 42 85 79 61 21 88 56 15 36 10 20 4 26 87 10 65 81 76 98 7 83 27 48 8 70 98 20 71 62 25 18 55 9 48 15 82 35 70 96 22 31 67 77 56 53 86 20 85 61 69 44 96 47 43 3 17 40 22 87 53 99 4 8 59 51 22 40 37 44 87 58 26 53 34 82 58 71 53 94 32 22 37 27 68 79 81 84 71 3 22 23 53 25 30 11 27 4 51 63 99 89 20 24 42 5 57 99 76 10 92 59 31 81 85 50 11 17 34 81 71 7 56 23 32 37 34 58 40 36 73 90 76 44 14 17 49 22 67 76 31 11 34 13 43 70 63 53 86 48 86 57 54 41 79 37 77 64 47 69 51 19 58 27 62 23 95 62 97 62 37 27 24 70 40 66 39 54 70 25 1 55 81 6 47 11 43 76 75 89 96 77 59 5 3 20 80 98 82 76 59 70 2 34 40 93 51 78 46 20 54 98 27 86 4 25 97 46 100 23 86 95 99 44 100 2 15 79 99 48 54 9 18 7 94 57 100 44 86 97 63 40 47 41 77 50 66 73 47 65 47 84 12 46 79 63 99 93 93 49 41 98 9 10 4 2 18 55 45 3 4 59 94 50 100 71 51 17 95 97 81 42 32 44 39 10 6 37 2 50 85 94 47 93 55 51 46 72 57 90 27 60 100 20 61 51 42 11 67 89 59 100 30 90 43 68 51 1 56 5 50 40 50 49 84 5 51 29 76 7 70 2 19 69 74 31 72 67 94 38 55 52 89 36 94 84 55 44 84 10 100 85 1 50 85 84 54 35 12 81 94 81 83 64 2 8 94 73 74 87 62 81 91 51 16 84 34 23 79 69 32 79 5 33 28 90 68 33 24 80 13 69 12 47 32 13 54 26 37 80 64 99 60 54 49 27 89 82 1 20 50 33 98 54 17 77 95 84 9 19 15 73 39 27 20 71 91 25 48 28 4 63 26 15 69 74 94 57 7 94 28 8 78 25 61 94 53 8 30 13 78 44 38 16 70 57 86 61 81 85 88 85 48 65 51 16 38 44 24 44 38 52 51 67 28 63 61 81 22 90 45 99 85 82 15 55 90 52 67 71 37 6 7 84 22 57 51
456 493311
236 492901
828 492757
620 492807
962 492662
616 493489
149 492547
43 492737
666 493347
881 493481
531 492587
495 492554
924 492787
616 492610
457 492687
893 492612
50 493389
535 492647
898 493363
596 492658
938 20
13 19 30 73 99 72 18 13 27 21 65 34 90 90 29 64 22 59 11 10 87 68 54 93 78 39 71 47 31 5 86 95 23 15 20 21 38 89 34 17 10 50 2 99 39 31 15 60 89 77 21 28 45 74 20 74 64 42 73 47 46 58 41 20 24 12 40 62 53 25 30 62 74 31 12 65 61 78 76 2 55 97 81 51 22 100 76 86 93 48 84 90 5 76 9 81 88 100 94 40 25 23 53 50 53 16 14 66 94 90 67 100 38 47 50 11 98 77 48 90 25 31 31 81 7 39 61 94 38 6 85 14 28 89 64 81 4 77 46 49 18 64 48 55 62 49 66 59 26 13 100 2 96 30 82 2 68 95 47 57 100 83 71 80 71 34 60 26 62 57 75 80 20 74 86 81 23 51 91 100 16 90 1 63 19 34 64 38 80 62 46 80 44 16 11 66 1 70 91 63 78 17 94 49 91 79 29 65 82 71 64 49 60 16 11 30 49 26 19 29 87 64 60 30 32 70 95 84 91 37 98 68 54 91 16 96 22 96 12 3 66 27 3 77 42 13 58 42 90 28 22 76 43 81 5 26 2 51 10 44 87 7 63 92 50 78 87 71 25 98 25 42 24 79 70 17 43 27 59 32 6 80 7 49 13 63 26 66 13 35 10 99 94 72 91 43 2 29 65 78 79 41 20 2 19 89 71 13 68 29 44 25 60 50 25 72 64 51 38 76 85 99 74 30 22 16 24 23 45 88 1 23 80 72 76 50 60 46 62 79 26 57 4 86 6 28 57 21 78 46 96 15 96 22 44 18 37 20 40 33 7 92 7 39 63 35 88 75 32 2 53 58 58 8 43 16 88 51 36 17 49 32 83 44 53 79 61 41 98 1 26 4 92 84 94 7 18 82 81 50 35 85 59 92 93 53 7 32 3 43 48 51 26 31 95 78 9 55 70 6 7 95 61 51 79 7 57 48 40 89 49 74 73 7 65 17 59 24 48 14 66 96 64 91 78 10 20 38 17 89 95 75 36 7 77 66 13 85 65 52 73 14 25 98 72 42 14 31 65 62 96 30 9 11 72 86 21 43 75 89 83 69 15 70 27 92 35 40 76 100 43 1 65 68 98 36 61 11 18 25 24 13 6 32 24 29 69 96 71 43 84 53 63 98 75 90 41 9 81 69 60 23 69 24 42 18 12 2 28 29 26 52 42 83 35 17 11 4 12 81 98 95 86 61 44 60 2 37 20 82 5 32 4 25 7 46 42 18 47 69 99 25 72 40 7 7 56 70 62 19 2 59 13 87 19 8 98 72 96 70 53 100 1 57 76 59 54 17 77 52 38 27 76 61 18 35 67 73 4 80 91 5 39 55 44 9 14 93 81 62 62 33 13 14 41 89 73 46 5 1 98 94 27 25 55 44 59 73 68 62 53 10 19 91 16 62 51 81 54 31 42 68 16 7 81 56 95 5 2 51 57 51 45 35 75 51 30 34 23 49 47 27 10 65 69 77 78 20 58 84 50 51 51 17 57 83 73 3 88 26 54 96 28 50 83 2 100 12 87 74 61 86 1 22 50 21 99 80 40 56 63 42 58 13 58 67 95 82 69 34 59 22 82 86 23 64 40 22 75 26 48 87 63 48 9 65 20 59 44 12 66 6 53 23 70 62 41 16 96 10 2 6 83 83 44 6 98 35 79 24 12 26 63 75 25 23 39 45 81 82 56 46 39 60 20 8 73 61 75 20 70 76 78 4 10 73 61 7 7 40 31 18 17 45 92 42 67 30 38 47 63 45 92 1 56 11 60 80 71 35 52 92 62 29 48 72 1 8 30 59 99 12 76 16 56 20 9 22 49 46 68 12 42 11 64 97 74 24 28 44 10 79 88 71 59 87 42 11 46 24 69 45 35 45 12 91 16 20 12 64 17 32 27 58 42 91 6 15 66 33 11 75 64 50 45 22 88 39 33 33 62 1 77 96 97 88 38 12 59 2 28 75 85 6 84 78 48 89 45 13 74 55 87 37 56 84 10 43 74 42 27 35 95 4 82 43 43 72 7 2 73 86 28 57 91 12 34 39 100 78 3 25 84 90 13 91 25 23 85 98 16 12 84 62 67 65 57 61
914 439555
410 440340
720 439844
394 440290
119 439866
446 440264
241 440117
529 439645
698 440183
611 439488
929 440264
225 439635
213 440262
198 440185
660 440142
691 439940
148 440229
503 439525
526 439679
785 439932
