6
10
19 41 24 71 25 66 37 84 28 56 9 39 37 86 19 24 12 29 20 40 
5
16
34
97
40
44

25
15 16 31 63 73 177 64 101 110 233 14 101 85 91 39 81 3 76 48 163 121 125 73 143 27 99 74 173 84 133 22 132 102 183 38 52 37 59 66 190 56 74 77 140 120 237 21 113 121 182 
25
194
240
169
151
8
167
182
54
195
133
189
190
222
96
58
227
33
91
179
246
90
179
184
47
191

50
1 500 500 500 111 198 42 252 1 161 88 179 83 323 115 244 33 197 230 317 215 276 170 392 194 203 231 414 8 176 178 344 20 56 25 224 166 184 15 229 143 169 197 338 190 411 230 458 164 201 226 308 218 383 242 374 62 287 83 136 195 430 125 273 105 132 2 9 201 441 173 334 73 183 129 334 228 389 244 454 144 336 76 198 185 247 222 402 32 39 237 253 93 227 203 323 46 240 25 70 
50
25
126
49
175
209
335
346
242
152
273
241
483
124
260
72
384
20
88
267
286
410
102
1
416
309
30
318
333
443
12
384
296
83
133
287
486
35
422
143
190
417
265
104
317
3
196
310
375
363
406

15
121 121 51 51 28 28 15 171 30 173 135 296 135 225 192 268 136 214 115 168 121 203 122 191 156 168 24 133 116 311 
8
121
124
225
322
15
68
100
28

20
61 206 111 303 82 191 132 295 69 185 119 292 69 188 119 294 117 178 167 289 159 246 209 323 51 209 101 304 30 68 80 234 21 210 71 305 42 104 92 252 
15
385
100
186
154
272
112
133
120
120
168
210
102
81
72
93

15
198 281 26 198 169 312 5 202 182 210 108 125 117 166 56 148 197 205 137 215 11 113 124 316 160 306 26 174 64 134 
8
198
131
112
114
43
22
287
239

