100
80153
62380
46224
46713
43348
33747
91068
98275
34367
66896
24054
15529
90169
32449
54190
45027
2
97720
91672
74693
27742
34831
18451
29429
24912
86042
90139
72985
44735
64
39951
28374
66853
42958
75296
3631
68616
2048
32088
68503
37731
86141
92714
256
79113
28866
69598
72188
96960
63117
98150
3
54080
9725
48807
19313
90674
91709
40853
48454
90661
44598
95671
67199
10
24647
99858
9233
65536
91319
8307
80557
94147
31682
75916
66820
76069
92345
90376
98225
28314
77587
3452
12232
90062
88627
96376
63778
92233
40326
15636
128
32768
31356
90911
23067
29060
1
65729
57441
