Case #1: 
8746289
9044497
9009688
8688995
8579150
8886886
8652659
8875466
8859145
8691097
8789000
8672520
8629055
8943053
8693127
8934733
8585793
9016632
8986490
8864033
Case #2: 
40714
35822
37078
37527
34846
34439
35189
33088
35040
36301
Case #3: 
8109
10902
10241
7549
8791
8834
10301
8470
9724
10753
7611
9682
10241
7983
7480
10902
10976
10241
10680
10200
Case #4: 
7374392685
7372213633
7367844404
7382560529
7377678188
7363829923
7369851033
7387923941
7403247664
7377401888
7370573802
7396666171
7369106274
7370655659
7382846610
7392246265
7370171912
7370004835
7378837534
7386843251
Case #5: 
22797344
22167912
22628843
22623465
22455694
21996325
22059081
22214130
21973424
22581896
22248423
22754862
22665160
22067958
22169505
22266244
22348420
22206238
21921028
22839645
Case #6: 
8447092107
8465043371
8474107293
8435786430
8433324916
8440696769
8449950860
8433044833
8463001368
8432151615
8452324995
8472740967
8446520515
8471816638
8446352734
8452951994
8447981769
8471670722
8473238018
8463209606
Case #7: 
7067743498
7083981457
7077635150
7070373759
7090804826
7073924927
7085299685
7078668717
7108605708
7071386455
7092562022
7102340322
7089136870
7085429980
7094394711
7085556497
7082242175
7101411596
7084859274
7080107962
Case #8: 
7648679434
7639643268
7634538168
7649387941
7625797027
7618607759
7628416120
7644125578
7626761634
7643627709
7650517514
7653780968
7647976600
7629403661
7648194459
7654539525
7658542671
7647159525
7647651564
7648419500
Case #9: 
8324880577
8304732031
8297694531
8300137487
8293075149
8333745061
8287544619
8296751796
8326657889
8333328972
8289467210
8287872619
8299146952
8290576313
8294314928
8290657385
8328766649
8292372321
8327439666
8292902557
Case #10: 
6758551312
6793921582
6771449466
6791628917
6772456620
6790438435
6783760052
6762574501
6786736501
6755596252
6790412158
6762139423
6790353874
6786846415
6784877109
6775757892
6788849475
6757242546
6764088824
6775392946
